Read Date,Meter Read,KWH,Days of SVC,Bill Amount,Mean KWH
12/8/2014,81209,499,31,82.95,16
11/7/2014,80710,356,30,61.09,11
10/8/2014,80354,435,30,73.17,14
9/8/2014,79919,327,32,58.49,10
8/7/2014,79592,277,30,50.57,9
7/8/2014,79315,245,32,45.5,7
6/6/2014,79070,253,30,44.46,8
5/7/2014,78817,315,30,53.7,10
4/7/2014,78502,400,34,272,11
3/4/2014,78102,661,26,104.23,25
2/6/2014,77441,776,30,118.43,25
1/7/2014,76665,860,32,130.52,26
